globalmap_server_nodelet:
  latitude: 37.56099117
  longitude: 126.936990235
  altitude: 28.13999938964844
  easting: 317788.6271306623
  northing: 4159108.128148942
  height: 28.13999938964844