hdl_localization:
  latitude: 37.56221768
  longitude: 126.9374229933333
  altitude: 31.3799991607666
  easting: 317829.8419452037
  northing: 4159243.385339856
  height: 31.3799991607666